              precision    recall  f1-score   support

           0       1.00      1.00      1.00        14
           1       0.93      0.91      0.92       261
           2       1.00      0.23      0.38        26
           3       1.00      0.98      0.99       428
           4       0.95      0.99      0.97       170
           5       0.86      0.99      0.92       123
           6       0.93      1.00      0.97        28
           7       0.98      0.98      0.98       128
           8       0.97      0.85      0.91       296
           9       1.00      0.97      0.99        38
          10       0.99      1.00      0.99      1075
          11       0.99      0.93      0.96       163
          12       0.88      0.97      0.92        63
          13       1.00      0.91      0.95        23
          14       1.00      0.98      0.99      1303
          15       1.00      0.94      0.97        63
          16       0.98      1.00      0.99      1793
          17       0.91      0.94      0.93       152
          18       1.00      1.00      1.00       301
          19       0.97      0.98      0.97        59
          20       0.96      0.99      0.98       329
          21       0.99      0.99      0.99       515
          22       0.97      1.00      0.99        35
          23       1.00      1.00      1.00        22
          24       1.00      0.95      0.97        40
          25       1.00      1.00      1.00        13
          26       1.00      1.00      1.00        13
          27       0.91      0.84      0.88        58
          28       0.86      0.92      0.89        26
          29       0.94      0.85      0.89        34
          30       1.00      1.00      1.00       589
          31       0.99      1.00      0.99      1945
          32       1.00      1.00      1.00        11
          33       1.00      1.00      1.00       225
          34       1.00      0.99      0.99      1180
          35       1.00      1.00      1.00        90
          36       0.99      0.96      0.97        80
          37       1.00      0.93      0.97        30
          38       0.96      1.00      0.98        26
          39       0.98      0.99      0.98        80
          40       0.85      0.98      0.91        41
          41       0.99      1.00      1.00       121
          42       0.99      1.00      1.00       137
          43       0.94      0.89      0.91        18
          44       0.91      1.00      0.95        10
          45       1.00      1.00      1.00        10
          46       1.00      1.00      1.00        19
          47       0.57      0.86      0.69        64
          48       1.00      1.00      1.00        21
          49       0.73      0.94      0.82        17
          50       0.91      0.86      0.89       179

    accuracy                           0.98     12485
   macro avg       0.96      0.95      0.95     12485
weighted avg       0.98      0.98      0.98     12485
