              precision    recall  f1-score   support

           0       1.00      1.00      1.00        11
           1       1.00      1.00      1.00         5
           2       1.00      1.00      1.00         5
           3       1.00      1.00      1.00        13
           4       0.93      0.94      0.93       252
           5       1.00      0.50      0.67         4
           6       0.70      0.21      0.32        34
           7       1.00      1.00      1.00         7
           8       0.00       nan       nan         0
           9       1.00      0.99      0.99       423
          10       0.97      0.99      0.98       176
          11       0.82      0.98      0.89       127
          12       0.95      0.95      0.95        20
          14       1.00      1.00      1.00         1
          15       0.00       nan       nan         0
          16       1.00      0.75      0.86         4
          17       1.00      1.00      1.00         1
          18       0.98      0.98      0.98       131
          19       0.99      0.83      0.90       302
          20       1.00      0.94      0.97        33
          21       1.00      1.00      1.00      1049
          22       0.98      0.99      0.99       150
          26        nan      0.00       nan         1
          27       1.00      1.00      1.00        10
          28        nan      0.00       nan         1
          29       0.00       nan       nan         0
          30       0.33      1.00      0.50         1
          31        nan      0.00       nan         1
          32        nan      0.00       nan         2
          33        nan      0.00       nan         1
          34        nan      0.00       nan         1
          35       1.00      1.00      1.00         2
          38       0.00       nan       nan         0
          39        nan      0.00       nan         1
          42       1.00      0.89      0.94         9
          43       1.00      1.00      1.00         1
          47       0.89      0.95      0.92        61
          48       1.00      1.00      1.00        21
          49       1.00      0.33      0.50         3
          50       1.00      1.00      1.00         4
          51        nan      0.00       nan         1
          52        nan      0.00       nan         1
          53       0.60      1.00      0.75         3
          54       1.00      0.98      0.99      1309
          55       0.96      0.84      0.90        64
          56       1.00      0.67      0.80         3
          57       0.99      1.00      0.99      1752
          58       0.94      0.95      0.95       155
          59       0.75      0.75      0.75         4
          60       0.43      0.50      0.46         6
          61       0.99      1.00      0.99       283
          62       0.98      0.90      0.94        63
          63       0.98      0.99      0.98       329
          64       0.99      1.00      0.99       511
          65       0.95      1.00      0.98        40
          66       0.89      0.73      0.80        11
          67       0.83      0.88      0.86        17
          68       0.95      0.91      0.93        44
          69       1.00      0.93      0.96        14
          70       1.00      1.00      1.00        11
          71       0.20      1.00      0.33         1
          72       0.93      0.80      0.86        64
          73       0.82      0.96      0.88        24
          75       1.00      0.85      0.92        34
          76       1.00      1.00      1.00         3
          77       1.00      1.00      1.00       584
          79       0.98      1.00      0.99      2015
          82       1.00      1.00      1.00        13
          83        nan      0.00       nan         1
          84       0.00       nan       nan         0
          88       0.99      1.00      0.99       212
          89       1.00      0.67      0.80         3
          90       0.67      1.00      0.80         2
          92       0.75      1.00      0.86         3
          93       1.00      1.00      1.00         2
          94       1.00      0.50      0.67         4
          96       0.67      1.00      0.80         2
          97       0.99      0.98      0.99      1172
         100       0.99      1.00      0.99        88
         101       0.98      0.98      0.98        88
         102       1.00      0.89      0.94         9
         103       1.00      0.97      0.99        35
         104       0.96      1.00      0.98        25
         105       0.97      0.97      0.97        74
         106       1.00      0.87      0.93        47
         107       1.00      0.99      0.99       134
         109       0.99      0.99      0.99       158
         114       1.00      1.00      1.00         2
         117        nan      0.00       nan         1
         118        nan      0.00       nan         1
         119       1.00      1.00      1.00         4
         120       0.75      0.75      0.75         4
         121       0.95      1.00      0.97        19
         122       0.50      0.25      0.33         4
         123       0.71      0.91      0.80        11
         124       1.00      1.00      1.00         9
         125       1.00      1.00      1.00         3
         126       0.94      1.00      0.97        16
         128       1.00      1.00      1.00         1
         130       0.67      1.00      0.80         2
         131       1.00      1.00      1.00         1
         132       0.58      0.88      0.70        77
         133       0.95      0.90      0.92        20
         134       1.00      1.00      1.00         2
         135       0.50      1.00      0.67         2
         136        nan      0.00       nan         1
         138       0.56      0.91      0.69        11
         139       1.00      0.33      0.50         3
         140       1.00      1.00      1.00         5

    accuracy                           0.98     12485
   macro avg       0.86      0.79      0.89     12485
weighted avg       0.98      0.98      0.98     12485
