              precision    recall  f1-score   support

           0       1.00      1.00      1.00        13
           1       0.92      0.92      0.92       252
           2       0.70      0.21      0.32        34
           3       1.00      0.99      0.99       423
           4       0.96      0.99      0.98       176
           5       0.82      0.98      0.89       127
           6       0.95      1.00      0.98        20
           7       0.97      0.98      0.98       131
           8       0.99      0.82      0.90       302
           9       1.00      0.94      0.97        33
          10       1.00      1.00      1.00      1049
          11       0.97      1.00      0.99       150
          12       0.89      0.95      0.92        61
          13       1.00      1.00      1.00        21
          14       1.00      0.98      0.99      1309
          15       0.97      0.97      0.97        64
          16       0.99      1.00      0.99      1752
          17       0.96      0.96      0.96       155
          18       0.99      0.99      0.99       283
          19       0.94      0.92      0.93        63
          20       0.98      0.99      0.98       329
          21       0.99      1.00      0.99       511
          22       0.95      1.00      0.98        40
          23       1.00      0.94      0.97        17
          24       0.98      1.00      0.99        44
          25       1.00      0.93      0.96        14
          26       0.92      1.00      0.96        11
          27       0.93      0.78      0.85        64
          28       0.88      0.96      0.92        24
          29       1.00      0.91      0.95        34
          30       1.00      0.99      1.00       584
          31       0.99      1.00      0.99      2015
          32       0.93      1.00      0.96        13
          33       0.98      1.00      0.99       212
          34       0.99      0.98      0.99      1172
          35       0.99      1.00      0.99        88
          36       1.00      0.98      0.99        88
          37       1.00      0.97      0.99        35
          38       1.00      0.96      0.98        25
          39       0.97      0.97      0.97        74
          40       0.98      0.87      0.92        47
          41       0.99      1.00      1.00       134
          42       0.99      1.00      1.00       158
          43       0.95      1.00      0.97        19
          44       0.83      0.91      0.87        11
          45       1.00      1.00      1.00         9
          46       0.94      1.00      0.97        16
          47       0.58      0.88      0.70        77
          48       0.95      1.00      0.98        20
          49       0.56      0.91      0.69        11
          50       0.92      0.89      0.90       171

    accuracy                           0.98     12485
   macro avg       0.95      0.95      0.94     12485
weighted avg       0.98      0.98      0.98     12485
